0.99509941
0.99860487
0.99940093
1.00548059
1.00476750
1.00914020
1.01282689
1.01429182
1.01861552
1.02345167
1.02447315
1.02991612
1.02774668
1.02649748
1.03043064
1.02782650
1.02518044
1.02246024
1.01902232
1.01421782
1.00780933
0.99974166
0.99014025
0.97924037
0.96732964
0.95466572
0.94142751
0.92770821
0.91362598
0.89944571
0.88563909
0.87286037
0.86177573
0.85235006
0.84429207
0.83732237
0.83166333
0.82648857
0.82299866
0.82047795
0.81280772
0.81134399
0.80731843
0.81299043
0.81011881
0.81153245
0.81158547
0.81132888
0.81252653
0.81125378
0.81114970
0.80998022
0.80837679
0.80807022
0.80555191
0.80597407
0.80352679
0.80285705
0.80278984
0.80206046
0.80386530
