0.87384070
0.87219139
0.87188499
0.86944906
0.86739067
0.86463097
0.86699021
0.86050948
0.86373525
0.86417548
0.86372463
0.86429065
0.86363343
0.86632501
0.86504937
0.86700444
0.86933311
0.87275583
0.87621990
0.87914266
0.88129248
0.88283373
0.88429848
0.88644819
0.88971001
0.89354976
0.89708432
0.89990402
0.90227497
0.90492128
0.90895175
0.91448973
0.91978819
0.92399920
0.92727335
0.92966709
0.93151097
0.93258831
0.93456481
0.93271385
0.93477351
0.93378530
0.93264846
0.93451441
0.93525446
0.93696805
0.93756640
0.93859989
0.94130707
0.94126395
0.94380197
0.94471698
0.94710332
0.94650771
0.94950938
0.95028958
0.95389292
0.95581399
0.95879787
0.96182528
0.96357897
