0.82479782
0.82237203
0.81997974
0.81535335
0.81042324
0.81119138
0.80559847
0.80229403
0.80201884
0.79823473
0.79167301
0.79075430
0.78633083
0.77883035
0.77642899
0.76946371
0.76075423
0.74986027
0.73637002
0.71881120
0.69583396
0.66676241
0.63172594
0.59158833
0.54772908
0.50133277
0.45308732
0.40330666
0.35226459
0.30064911
0.24929584
0.20089385
0.15940200
0.12625420
0.10089550
0.08336176
0.07386843
0.07145071
0.06420803
0.07216798
0.06244969
0.06892726
0.06434147
0.06471153
0.06832958
0.06600643
0.06822434
0.06757672
0.06973868
0.06741854
0.07020416
0.06954515
0.07082020
0.07048506
0.06970206
0.07088984
0.07014767
0.07028040
0.06727496
0.06493550
0.06334821
