0.16566966
0.16208815
0.16117072
0.15600895
0.15558088
0.14589384
0.15098359
0.14211722
0.14341005
0.14455696
0.14623610
0.14747986
0.14790730
0.15972085
0.15553295
0.15974436
0.16376913
0.17281623
0.18660196
0.20521893
0.22919907
0.26040971
0.29907630
0.34387603
0.39233755
0.44172351
0.49075977
0.53924976
0.58697181
0.63370011
0.67886685
0.72080887
0.75792602
0.78965417
0.81601921
0.83600203
0.84784963
0.85207788
0.86119351
0.85375266
0.86563750
0.85934637
0.86149109
0.86290582
0.86111255
0.86547306
0.86003047
0.86362881
0.85748199
0.86325562
0.85819921
0.86029362
0.85877105
0.85853277
0.85930975
0.85841765
0.86012131
0.85675645
0.85977755
0.85857614
0.85962805
